---
Lobby-15:
  X: -179.4366
  "Y": 27
  Z: 785.257
  Yaw: 342.35699462890625
  Pitch: 89.89910888671875
Server:
  X: 1.0678
  "Y": 88
  Z: 0.0236
  Yaw: 71.81072998046875
  Pitch: 89.89910888671875
PvP:
  X: 201.6034
  "Y": 75.0625
  Z: 262.58
  Yaw: 89.14630126953125
  Pitch: 89.90109252929688
...
